{
 "cells": [
  {
   "cell_type": "markdown",
   "source": [
    "## Check the labels based on k-cross validation, folds = 20"
   ],
   "metadata": {
    "collapsed": false
   },
   "id": "86dde95e744450ce"
  },
  {
   "cell_type": "markdown",
   "source": [
    "[[9, 3, 13, 16, 18, 14, 1, 7, 4, 11, 8, 12, 19, 10, 15, 2, 5], [6, 17], [0]]\n",
    "[[5, 7, 17, 10, 16, 13, 9, 4, 2, 6, 0, 12, 14, 15, 18, 11, 8], [3, 19], [1]]\n",
    "[[19, 13, 0, 8, 3, 9, 16, 6, 5, 11, 15, 10, 12, 14, 17, 1, 4], [18, 7], [2]]\n",
    "[[10, 16, 8, 6, 14, 1, 9, 18, 19, 13, 17, 12, 7, 4, 11, 5, 15], [2, 0], [3]]\n",
    "[[10, 15, 9, 1, 19, 11, 5, 17, 8, 2, 13, 18, 0, 12, 7, 3, 16], [14, 6], [4]]\n",
    "[[16, 14, 18, 0, 1, 17, 11, 8, 4, 10, 3, 2, 7, 12, 13, 15, 6], [9, 19], [5]]\n",
    "[[7, 11, 8, 10, 0, 1, 19, 3, 9, 16, 14, 18, 4, 13, 5, 17, 15], [2, 12], [6]]\n",
    "[[9, 19, 15, 13, 18, 17, 11, 6, 2, 14, 16, 3, 4, 12, 8, 5, 1], [0, 10], [7]]\n",
    "[[9, 10, 2, 18, 11, 1, 16, 12, 17, 7, 5, 15, 0, 14, 3, 4, 19], [13, 6], [8]]\n",
    "[[17, 10, 11, 12, 16, 14, 18, 2, 7, 3, 5, 8, 6, 13, 4, 15, 1], [0, 19], [9]]\n",
    "[[4, 18, 17, 16, 9, 11, 15, 1, 14, 13, 8, 6, 0, 2, 12, 5, 3], [19, 7], [10]]\n",
    "[[12, 14, 4, 7, 6, 10, 13, 17, 3, 19, 15, 5, 8, 18, 9, 16, 0], [2, 1], [11]]\n",
    "[[19, 7, 4, 9, 1, 0, 3, 5, 13, 14, 6, 16, 17, 2, 15, 18, 11], [10, 8], [12]]\n",
    "[[17, 9, 16, 4, 3, 11, 15, 5, 1, 2, 18, 10, 8, 12, 6, 7, 19], [14, 0], [13]]\n",
    "[[6, 0, 18, 10, 19, 4, 8, 3, 16, 2, 12, 1, 13, 17, 7, 11, 9], [15, 5], [14]]\n",
    "[[17, 19, 6, 13, 0, 7, 8, 11, 9, 14, 10, 2, 4, 5, 16, 12, 3], [1, 18], [15]]\n",
    "[[9, 18, 13, 10, 1, 5, 8, 6, 15, 17, 4, 19, 7, 14, 2, 12, 0], [11, 3], [16]]\n",
    "[[18, 19, 10, 9, 12, 7, 1, 14, 8, 15, 4, 5, 13, 0, 16, 2, 11], [3, 6], [17]]\n",
    "[[7, 19, 16, 13, 10, 11, 2, 5, 9, 1, 12, 15, 17, 6, 4, 0, 8], [14, 3], [18]]\n",
    "[[5, 12, 2, 0, 18, 3, 13, 17, 9, 11, 7, 16, 8, 1, 14, 6, 15], [10, 4], [19]]"
   ],
   "metadata": {
    "collapsed": false
   },
   "id": "d152cfa40bf4a73c"
  },
  {
   "cell_type": "code",
   "execution_count": 10,
   "outputs": [],
   "source": [
    "import numpy as np\n",
    "\n",
    "def check_results(y_test_gt, y_test_pr, name):\n",
    "    err_diff = y_test_pr - y_test_gt\n",
    "    err_dis = np.power(np.sum(np.power(err_diff, 2), axis=(1, 2)), 1 / 2) * 0.15\n",
    "    \n",
    "    print(f\"************** Patient {name} ******************\")\n",
    "    \n",
    "    min_err_idx = np.argmin(err_dis, axis=0)\n",
    "    max_err_idx = np.argmax(err_dis, axis=0)\n",
    "    print(f\"Min[{min_err_idx}]: {err_dis[min_err_idx]}\")\n",
    "    print(f\"Max[{max_err_idx}]: {err_dis[max_err_idx]}\")\n",
    "    \n",
    "    mean_pat = np.mean(err_dis)\n",
    "    std_pat = np.std(err_dis)\n",
    "    print(f\"Mean: {mean_pat}\")\n",
    "    print(f\"Std: {std_pat}\")\n",
    "    print(f\"95.44% in: ({mean_pat - 2 * std_pat}, {mean_pat + 2 * std_pat})\")\n",
    "    \n",
    "    return name, err_dis[min_err_idx], err_dis[max_err_idx], mean_pat, std_pat"
   ],
   "metadata": {
    "collapsed": false,
    "ExecuteTime": {
     "end_time": "2023-11-21T01:05:37.980773Z",
     "start_time": "2023-11-21T01:05:37.978022Z"
    }
   },
   "id": "a719a5ff6061706d"
  },
  {
   "cell_type": "code",
   "execution_count": 3,
   "outputs": [
    {
     "name": "stdout",
     "output_type": "stream",
     "text": [
      "* Folds  0\n",
      "************** Patient AH ******************\n",
      "Min[73]: 0.058089032769203186\n",
      "Max[7]: 0.42280736565589905\n",
      "Mean: 0.2263191193342209\n",
      "Std: 0.0939602255821228\n",
      "95.44% in: (0.03839866816997528, 0.4142395704984665)\n",
      "* Folds  1\n",
      "************** Patient AZ ******************\n",
      "Min[57]: 0.09086427092552185\n",
      "Max[20]: 0.3304210305213928\n",
      "Mean: 0.18901434540748596\n",
      "Std: 0.07210111618041992\n",
      "95.44% in: (0.04481211304664612, 0.3332165777683258)\n",
      "* Folds  2\n",
      "************** Patient DE ******************\n",
      "Min[94]: 0.03968486189842224\n",
      "Max[77]: 0.4219028651714325\n",
      "Mean: 0.18293790519237518\n",
      "Std: 0.11282510310411453\n",
      "95.44% in: (-0.04271230101585388, 0.40858811140060425)\n",
      "* Folds  3\n",
      "************** Patient DM ******************\n",
      "Min[42]: 0.01916417106986046\n",
      "Max[24]: 0.4188862144947052\n",
      "Mean: 0.09037800878286362\n",
      "Std: 0.055999502539634705\n",
      "95.44% in: (-0.021620996296405792, 0.20237701386213303)\n",
      "* Folds  4\n",
      "************** Patient DM2 ******************\n",
      "Min[25]: 0.24796855449676514\n",
      "Max[7]: 0.4823167324066162\n",
      "Mean: 0.3648335337638855\n",
      "Std: 0.058895133435726166\n",
      "95.44% in: (0.24704326689243317, 0.48262380063533783)\n",
      "* Folds  5\n",
      "************** Patient DGL ******************\n",
      "Min[68]: 0.046516112983226776\n",
      "Max[81]: 0.4538654088973999\n",
      "Mean: 0.27722063660621643\n",
      "Std: 0.07636865973472595\n",
      "95.44% in: (0.12448331713676453, 0.42995795607566833)\n",
      "* Folds  6\n",
      "************** Patient FA ******************\n",
      "Min[67]: 0.12212779372930527\n",
      "Max[31]: 0.2260722666978836\n",
      "Mean: 0.16085126996040344\n",
      "Std: 0.021000593900680542\n",
      "95.44% in: (0.11885008215904236, 0.20285245776176453)\n",
      "* Folds  7\n",
      "************** Patient GE ******************\n",
      "Min[66]: 0.12879586219787598\n",
      "Max[79]: 0.434169739484787\n",
      "Mean: 0.24454616010189056\n",
      "Std: 0.08212719857692719\n",
      "95.44% in: (0.0802917629480362, 0.40880055725574493)\n",
      "* Folds  8\n",
      "************** Patient GM ******************\n",
      "Min[55]: 0.19251173734664917\n",
      "Max[12]: 0.38077813386917114\n",
      "Mean: 0.26930713653564453\n",
      "Std: 0.04916687682271004\n",
      "95.44% in: (0.17097338289022446, 0.3676408901810646)\n",
      "* Folds  9\n",
      "************** Patient GP ******************\n",
      "Min[45]: 0.057779114693403244\n",
      "Max[61]: 0.17267242074012756\n",
      "Mean: 0.12693673372268677\n",
      "Std: 0.022192783653736115\n",
      "95.44% in: (0.08255116641521454, 0.171322301030159)\n",
      "* Folds  10\n",
      "************** Patient HB ******************\n",
      "Min[3]: 0.010965513065457344\n",
      "Max[56]: 0.18861939013004303\n",
      "Mean: 0.0906117856502533\n",
      "Std: 0.052289970219135284\n",
      "95.44% in: (-0.013968154788017273, 0.19519172608852386)\n",
      "* Folds  11\n",
      "************** Patient HH ******************\n",
      "Min[30]: 0.10590815544128418\n",
      "Max[31]: 0.3907194435596466\n",
      "Mean: 0.23465579748153687\n",
      "Std: 0.08792514353990555\n",
      "95.44% in: (0.05880551040172577, 0.41050608456134796)\n",
      "* Folds  12\n",
      "************** Patient JH ******************\n",
      "Min[45]: 0.10183729976415634\n",
      "Max[34]: 0.2746815085411072\n",
      "Mean: 0.18046003580093384\n",
      "Std: 0.04055012762546539\n",
      "95.44% in: (0.09935978055000305, 0.2615602910518646)\n",
      "* Folds  13\n",
      "************** Patient JM ******************\n",
      "Min[26]: 0.007624427322298288\n",
      "Max[61]: 0.19951380789279938\n",
      "Mean: 0.10967612266540527\n",
      "Std: 0.05918852239847183\n",
      "95.44% in: (-0.008700922131538391, 0.22805316746234894)\n",
      "* Folds  14\n",
      "************** Patient LG ******************\n",
      "Min[23]: 0.05858945474028587\n",
      "Max[46]: 0.2582712173461914\n",
      "Mean: 0.18364585936069489\n",
      "Std: 0.046524424105882645\n",
      "95.44% in: (0.0905970111489296, 0.2766947075724602)\n",
      "* Folds  15\n",
      "************** Patient LP ******************\n",
      "Min[56]: 0.13600009679794312\n",
      "Max[35]: 0.2832917869091034\n",
      "Mean: 0.20795592665672302\n",
      "Std: 0.03162679448723793\n",
      "95.44% in: (0.14470233768224716, 0.2712095156311989)\n",
      "* Folds  16\n",
      "************** Patient MJ ******************\n",
      "Min[44]: 0.10718182474374771\n",
      "Max[22]: 0.45150530338287354\n",
      "Mean: 0.23775602877140045\n",
      "Std: 0.05694346874952316\n",
      "95.44% in: (0.12386909127235413, 0.3516429662704468)\n",
      "* Folds  17\n",
      "************** Patient NV ******************\n",
      "Min[73]: 0.10381004959344864\n",
      "Max[70]: 0.2694791853427887\n",
      "Mean: 0.1880463808774948\n",
      "Std: 0.041689638048410416\n",
      "95.44% in: (0.10466710478067398, 0.27142565697431564)\n",
      "* Folds  18\n",
      "************** Patient PH ******************\n",
      "Min[22]: 0.10067930072546005\n",
      "Max[1]: 0.3214215934276581\n",
      "Mean: 0.2647938132286072\n",
      "Std: 0.04802418127655983\n",
      "95.44% in: (0.16874545067548752, 0.36084217578172684)\n",
      "* Folds  19\n",
      "************** Patient SM ******************\n",
      "Min[14]: 0.11432886868715286\n",
      "Max[99]: 0.24548333883285522\n",
      "Mean: 0.18430033326148987\n",
      "Std: 0.031348053365945816\n",
      "95.44% in: (0.12160422652959824, 0.2469964399933815)\n"
     ]
    }
   ],
   "source": [
    "import Functions.MyDataset as MyDataset\n",
    "\n",
    "base_dir = \"/Users/achs/PhD/code/CT-MRI_LandmarkDetection/Spartan/trained_models\"\n",
    "\n",
    "names = MyDataset.get_pat_names()\n",
    "results_val = []\n",
    "for i in range(len(names)):\n",
    "    Y_test_gt = np.load(\n",
    "        f\"{base_dir}/cropped_dataset/straight_model/one_landmark/100x100x100/no_trans_50aug_6medium/20_cross_val/{i}/y_test_gt.npy\")\n",
    "    Y_test_pr = np.load(\n",
    "        f\"{base_dir}/cropped_dataset/straight_model/one_landmark/100x100x100/no_trans_50aug_6medium/20_cross_val/{i}/bestVal_straight_model_cropped_100x100x100_y_test.npy\")\n",
    "    \n",
    "    print(\"* Folds \", i)\n",
    "    r = check_results(Y_test_gt, Y_test_pr, names[i])\n",
    "    results_val.append(r)"
   ],
   "metadata": {
    "collapsed": false,
    "ExecuteTime": {
     "end_time": "2023-11-16T01:15:18.056537Z",
     "start_time": "2023-11-16T01:15:17.998241Z"
    }
   },
   "id": "fb5daf8ed3f2574b"
  },
  {
   "cell_type": "code",
   "execution_count": 2,
   "outputs": [
    {
     "name": "stdout",
     "output_type": "stream",
     "text": [
      "* Folds  0\n",
      "************** Patient AH ******************\n",
      "Min[59]: 0.14830192923545837\n",
      "Max[7]: 0.4917324483394623\n",
      "Mean: 0.2326289713382721\n",
      "Std: 0.06184595078229904\n",
      "95.44% in: (0.10893706977367401, 0.3563208729028702)\n",
      "* Folds  1\n",
      "************** Patient AZ ******************\n",
      "Min[15]: 0.11389877647161484\n",
      "Max[23]: 0.21561101078987122\n",
      "Mean: 0.16159704327583313\n",
      "Std: 0.023696424439549446\n",
      "95.44% in: (0.11420419439673424, 0.20898989215493202)\n",
      "* Folds  2\n",
      "************** Patient DE ******************\n",
      "Min[22]: 0.08799625188112259\n",
      "Max[77]: 0.4332021176815033\n",
      "Mean: 0.1981690376996994\n",
      "Std: 0.09359850734472275\n",
      "95.44% in: (0.010972023010253906, 0.3853660523891449)\n",
      "* Folds  3\n",
      "************** Patient DM ******************\n",
      "Min[67]: 0.010206960141658783\n",
      "Max[24]: 0.3409646153450012\n",
      "Mean: 0.07231591641902924\n",
      "Std: 0.041712768375873566\n",
      "95.44% in: (-0.011109620332717896, 0.15574145317077637)\n",
      "* Folds  4\n",
      "************** Patient DM2 ******************\n",
      "Min[60]: 0.20861706137657166\n",
      "Max[37]: 0.4040863513946533\n",
      "Mean: 0.2941616177558899\n",
      "Std: 0.05447842925786972\n",
      "95.44% in: (0.18520475924015045, 0.40311847627162933)\n",
      "* Folds  5\n",
      "************** Patient DGL ******************\n",
      "Min[96]: 0.11044353991746902\n",
      "Max[31]: 0.36490851640701294\n",
      "Mean: 0.22033223509788513\n",
      "Std: 0.0682201161980629\n",
      "95.44% in: (0.08389200270175934, 0.3567724674940109)\n",
      "* Folds  6\n",
      "************** Patient FA ******************\n",
      "Min[10]: 0.059856146574020386\n",
      "Max[61]: 0.1920403391122818\n",
      "Mean: 0.12373137474060059\n",
      "Std: 0.03597661852836609\n",
      "95.44% in: (0.05177813768386841, 0.19568461179733276)\n",
      "* Folds  7\n",
      "************** Patient GE ******************\n",
      "Min[66]: 0.14053352177143097\n",
      "Max[79]: 0.47468048334121704\n",
      "Mean: 0.2975059747695923\n",
      "Std: 0.06760245561599731\n",
      "95.44% in: (0.16230106353759766, 0.4327108860015869)\n",
      "* Folds  8\n",
      "************** Patient GM ******************\n",
      "Min[49]: 0.1795388162136078\n",
      "Max[69]: 0.3311960697174072\n",
      "Mean: 0.2555267810821533\n",
      "Std: 0.0315343402326107\n",
      "95.44% in: (0.19245810061693192, 0.3185954615473747)\n",
      "* Folds  9\n",
      "************** Patient GP ******************\n",
      "Min[73]: 0.05967441946268082\n",
      "Max[58]: 0.18368682265281677\n",
      "Mean: 0.11088824272155762\n",
      "Std: 0.030182264745235443\n",
      "95.44% in: (0.05052371323108673, 0.1712527722120285)\n",
      "* Folds  10\n",
      "************** Patient HB ******************\n",
      "Min[37]: 0.014412986114621162\n",
      "Max[12]: 0.10794059932231903\n",
      "Mean: 0.06244334205985069\n",
      "Std: 0.019508203491568565\n",
      "95.44% in: (0.023426935076713562, 0.10145974904298782)\n",
      "* Folds  11\n",
      "************** Patient HH ******************\n",
      "Min[12]: 0.13128307461738586\n",
      "Max[63]: 0.3789752721786499\n",
      "Mean: 0.25663357973098755\n",
      "Std: 0.08395388722419739\n",
      "95.44% in: (0.08872580528259277, 0.4245413541793823)\n",
      "* Folds  12\n",
      "************** Patient JH ******************\n",
      "Min[45]: 0.044299639761447906\n",
      "Max[34]: 0.19414789974689484\n",
      "Mean: 0.11126141250133514\n",
      "Std: 0.034793637692928314\n",
      "95.44% in: (0.041674137115478516, 0.18084868788719177)\n",
      "* Folds  13\n",
      "************** Patient JM ******************\n",
      "Min[30]: 0.05602743849158287\n",
      "Max[34]: 0.20296277105808258\n",
      "Mean: 0.11112290620803833\n",
      "Std: 0.029772937297821045\n",
      "95.44% in: (0.05157703161239624, 0.17066878080368042)\n",
      "* Folds  14\n",
      "************** Patient LG ******************\n",
      "Min[19]: 0.05777866393327713\n",
      "Max[48]: 0.17619962990283966\n",
      "Mean: 0.12822790443897247\n",
      "Std: 0.03272821754217148\n",
      "95.44% in: (0.06277146935462952, 0.19368433952331543)\n",
      "* Folds  15\n",
      "************** Patient LP ******************\n",
      "Min[60]: 0.10391728579998016\n",
      "Max[81]: 0.24126683175563812\n",
      "Mean: 0.1685822606086731\n",
      "Std: 0.04126613214612007\n",
      "95.44% in: (0.08604999631643295, 0.25111452490091324)\n",
      "* Folds  16\n",
      "************** Patient MJ ******************\n",
      "Min[81]: 0.12534306943416595\n",
      "Max[22]: 0.4504268765449524\n",
      "Mean: 0.22659145295619965\n",
      "Std: 0.06247998774051666\n",
      "95.44% in: (0.10163147747516632, 0.35155142843723297)\n",
      "* Folds  17\n",
      "************** Patient NV ******************\n",
      "Min[9]: 0.09340036660432816\n",
      "Max[36]: 0.2554266154766083\n",
      "Mean: 0.1862790435552597\n",
      "Std: 0.049752067774534225\n",
      "95.44% in: (0.08677490800619125, 0.28578317910432816)\n",
      "* Folds  18\n",
      "************** Patient PH ******************\n",
      "Min[90]: 0.15065617859363556\n",
      "Max[76]: 0.33029669523239136\n",
      "Mean: 0.2692834138870239\n",
      "Std: 0.03570256009697914\n",
      "95.44% in: (0.19787829369306564, 0.3406885340809822)\n",
      "* Folds  19\n",
      "************** Patient SM ******************\n",
      "Min[84]: 0.13138359785079956\n",
      "Max[99]: 0.26643112301826477\n",
      "Mean: 0.202296644449234\n",
      "Std: 0.03398822247982025\n",
      "95.44% in: (0.1343201994895935, 0.2702730894088745)\n"
     ]
    }
   ],
   "source": [
    "import Functions.MyDataset as MyDataset\n",
    "\n",
    "base_dir = \"/Users/achs/PhD/code/CT-MRI_LandmarkDetection/Spartan/trained_models\"\n",
    "\n",
    "names = MyDataset.get_pat_names()\n",
    "results = []\n",
    "for i in range(len(names)):\n",
    "    Y_test_gt = np.load(\n",
    "        f\"{base_dir}/cropped_dataset/straight_model/one_landmark/100x100x100/no_trans_50aug_6medium/20_cross/{i}/y_test_gt.npy\")\n",
    "    Y_test_pr = np.load(\n",
    "        f\"{base_dir}/cropped_dataset/straight_model/one_landmark/100x100x100/no_trans_50aug_6medium/20_cross/{i}/bestVal_straight_model_cropped_100x100x100_y_test.npy\")\n",
    "\n",
    "    print(\"* Folds \", i)\n",
    "    r = check_results(Y_test_gt, Y_test_pr, names[i])\n",
    "    results.append(r)"
   ],
   "metadata": {
    "collapsed": false,
    "ExecuteTime": {
     "end_time": "2023-11-16T01:09:10.388578Z",
     "start_time": "2023-11-16T01:09:07.113306Z"
    }
   },
   "id": "838ccceb79793a1d"
  },
  {
   "cell_type": "code",
   "execution_count": 11,
   "outputs": [
    {
     "name": "stdout",
     "output_type": "stream",
     "text": [
      "* Folds  0\n",
      "************** Patient AH ******************\n",
      "Min[161]: 0.09200039505958557\n",
      "Max[18]: 0.33686915040016174\n",
      "Mean: 0.1893182396888733\n",
      "Std: 0.046988073736429214\n",
      "95.44% in: (0.09534209221601486, 0.2832943871617317)\n",
      "* Folds  1\n",
      "************** Patient AZ ******************\n",
      "Min[163]: 0.09806396067142487\n",
      "Max[8]: 0.22300206124782562\n",
      "Mean: 0.16800789535045624\n",
      "Std: 0.03131778538227081\n",
      "95.44% in: (0.10537232458591461, 0.23064346611499786)\n",
      "* Folds  2\n",
      "************** Patient DE ******************\n",
      "Min[162]: 0.06629505008459091\n",
      "Max[61]: 0.5395569205284119\n",
      "Mean: 0.17702996730804443\n",
      "Std: 0.09434815496206284\n",
      "95.44% in: (-0.011666342616081238, 0.3657262772321701)\n",
      "* Folds  3\n",
      "************** Patient DM ******************\n",
      "Min[43]: 0.009004276245832443\n",
      "Max[72]: 0.3006598949432373\n",
      "Mean: 0.07196282595396042\n",
      "Std: 0.04255371913313866\n",
      "95.44% in: (-0.013144612312316895, 0.15707026422023773)\n",
      "* Folds  4\n",
      "************** Patient DM2 ******************\n",
      "Min[184]: 0.1793469488620758\n",
      "Max[81]: 0.3506219983100891\n",
      "Mean: 0.25947389006614685\n",
      "Std: 0.051077183336019516\n",
      "95.44% in: (0.15731952339410782, 0.3616282567381859)\n",
      "* Folds  5\n",
      "************** Patient DGL ******************\n",
      "Min[144]: 0.10762125253677368\n",
      "Max[131]: 0.35497570037841797\n",
      "Mean: 0.21570518612861633\n",
      "Std: 0.0729115828871727\n",
      "95.44% in: (0.06988202035427094, 0.36152835190296173)\n",
      "* Folds  6\n",
      "************** Patient FA ******************\n",
      "Min[112]: 0.08978891372680664\n",
      "Max[189]: 0.19884143769741058\n",
      "Mean: 0.13837456703186035\n",
      "Std: 0.03279123082756996\n",
      "95.44% in: (0.07279210537672043, 0.20395702868700027)\n",
      "* Folds  7\n",
      "************** Patient GE ******************\n",
      "Min[160]: 0.13908474147319794\n",
      "Max[193]: 0.563922107219696\n",
      "Mean: 0.2642550468444824\n",
      "Std: 0.05157684162259102\n",
      "95.44% in: (0.16110136359930038, 0.36740873008966446)\n",
      "* Folds  8\n",
      "************** Patient GM ******************\n",
      "Min[147]: 0.18142327666282654\n",
      "Max[78]: 0.3223152160644531\n",
      "Mean: 0.24054573476314545\n",
      "Std: 0.026964744552969933\n",
      "95.44% in: (0.18661624565720558, 0.2944752238690853)\n",
      "* Folds  9\n",
      "************** Patient GP ******************\n",
      "Min[17]: 0.06275303661823273\n",
      "Max[194]: 0.15804293751716614\n",
      "Mean: 0.11751371622085571\n",
      "Std: 0.02388831228017807\n",
      "95.44% in: (0.06973709166049957, 0.16529034078121185)\n",
      "* Folds  10\n",
      "************** Patient HB ******************\n",
      "Min[87]: 0.01652810536324978\n",
      "Max[148]: 0.1136784628033638\n",
      "Mean: 0.0665908083319664\n",
      "Std: 0.017529243603348732\n",
      "95.44% in: (0.031532321125268936, 0.10164929553866386)\n",
      "* Folds  11\n",
      "************** Patient HH ******************\n",
      "Min[30]: 0.11458893865346909\n",
      "Max[155]: 0.3407158851623535\n",
      "Mean: 0.22815699875354767\n",
      "Std: 0.07524599879980087\n",
      "95.44% in: (0.07766500115394592, 0.3786489963531494)\n",
      "* Folds  12\n",
      "************** Patient JH ******************\n",
      "Min[81]: 0.05356334522366524\n",
      "Max[134]: 0.18537287414073944\n",
      "Mean: 0.12070617079734802\n",
      "Std: 0.03383560851216316\n",
      "95.44% in: (0.0530349537730217, 0.18837738782167435)\n",
      "* Folds  13\n",
      "************** Patient JM ******************\n",
      "Min[2]: 0.07612394541501999\n",
      "Max[16]: 0.19539912045001984\n",
      "Mean: 0.12444031983613968\n",
      "Std: 0.02554992400109768\n",
      "95.44% in: (0.07334047183394432, 0.17554016783833504)\n",
      "* Folds  14\n",
      "************** Patient LG ******************\n",
      "Min[135]: 0.07626837491989136\n",
      "Max[20]: 0.18821308016777039\n",
      "Mean: 0.1270323246717453\n",
      "Std: 0.029709074646234512\n",
      "95.44% in: (0.06761417537927628, 0.18645047396421432)\n",
      "* Folds  15\n",
      "************** Patient LP ******************\n",
      "Min[152]: 0.09047339856624603\n",
      "Max[53]: 0.2418883889913559\n",
      "Mean: 0.1670585572719574\n",
      "Std: 0.03885556012392044\n",
      "95.44% in: (0.08934743702411652, 0.24476967751979828)\n",
      "* Folds  16\n",
      "************** Patient MJ ******************\n",
      "Min[113]: 0.10200808197259903\n",
      "Max[196]: 0.44637084007263184\n",
      "Mean: 0.1994059532880783\n",
      "Std: 0.04954900965094566\n",
      "95.44% in: (0.10030793398618698, 0.29850397258996964)\n",
      "* Folds  17\n",
      "************** Patient NV ******************\n",
      "Min[151]: 0.13605625927448273\n",
      "Max[82]: 0.23610378801822662\n",
      "Mean: 0.18283140659332275\n",
      "Std: 0.031137138605117798\n",
      "95.44% in: (0.12055712938308716, 0.24510568380355835)\n",
      "* Folds  18\n",
      "************** Patient PH ******************\n",
      "Min[32]: 0.22890174388885498\n",
      "Max[79]: 0.4063660502433777\n",
      "Mean: 0.3098657727241516\n",
      "Std: 0.0475941002368927\n",
      "95.44% in: (0.2146775722503662, 0.405053973197937)\n",
      "* Folds  19\n",
      "************** Patient SM ******************\n",
      "Min[50]: 0.15475867688655853\n",
      "Max[127]: 0.2896481156349182\n",
      "Mean: 0.21312148869037628\n",
      "Std: 0.021046608686447144\n",
      "95.44% in: (0.171028271317482, 0.25521470606327057)\n"
     ]
    }
   ],
   "source": [
    "import Functions.MyDataset as MyDataset\n",
    "\n",
    "base_dir = \"/Users/achs/PhD/code/CT-MRI_LandmarkDetection/Spartan/trained_models\"\n",
    "\n",
    "names = MyDataset.get_pat_names()\n",
    "results_100 = []\n",
    "for i in range(len(names)):\n",
    "    Y_test_gt = np.load(\n",
    "        f\"{base_dir}/cropped_dataset/straight_model/one_landmark/100x100x100/no_trans_100aug_6medium/20_cross/{i}/y_test_gt.npy\")\n",
    "    Y_test_pr = np.load(\n",
    "        f\"{base_dir}/cropped_dataset/straight_model/one_landmark/100x100x100/no_trans_100aug_6medium/20_cross/{i}/bestVal_straight_model_cropped_100x100x100_y_test.npy\")\n",
    "\n",
    "    print(\"* Folds \", i)\n",
    "    r = check_results(Y_test_gt, Y_test_pr, names[i])\n",
    "    results_100.append(r)"
   ],
   "metadata": {
    "collapsed": false,
    "ExecuteTime": {
     "end_time": "2023-11-21T01:07:04.043554Z",
     "start_time": "2023-11-21T01:07:03.984939Z"
    }
   },
   "id": "624ccc495497e46f"
  },
  {
   "cell_type": "code",
   "execution_count": 4,
   "outputs": [],
   "source": [
    "def Sort_Tuple(tup, idx):\n",
    "    \n",
    "    # reverse = None (Sorts in Ascending order) \n",
    "    # key is set to sort using second element of \n",
    "    # sublist lambda has been used \n",
    "    tup.sort(key = lambda x: x[idx])\n",
    "    return tup "
   ],
   "metadata": {
    "collapsed": false,
    "ExecuteTime": {
     "end_time": "2023-11-16T01:17:20.567054Z",
     "start_time": "2023-11-16T01:17:20.552796Z"
    }
   },
   "id": "eb81422217e91676"
  },
  {
   "cell_type": "code",
   "execution_count": 5,
   "outputs": [
    {
     "name": "stdout",
     "output_type": "stream",
     "text": [
      "1/2 * pixel distance:  0.075\n",
      "DM 0.09037801 0.055999503 [0.01916417106986046, 0.4188862144947052]\n",
      "HB 0.090611786 0.05228997 [0.010965513065457344, 0.18861939013004303]\n",
      "JM 0.10967612 0.059188522 [0.007624427322298288, 0.19951380789279938]\n",
      "GP 0.12693673 0.022192784 [0.057779114693403244, 0.17267242074012756]\n",
      "FA 0.16085127 0.021000594 [0.12212779372930527, 0.2260722666978836]\n",
      "JH 0.18046004 0.040550128 [0.10183729976415634, 0.2746815085411072]\n",
      "DE 0.1829379 0.1128251 [0.03968486189842224, 0.4219028651714325]\n",
      "LG 0.18364586 0.046524424 [0.05858945474028587, 0.2582712173461914]\n",
      "SM 0.18430033 0.031348053 [0.11432886868715286, 0.24548333883285522]\n",
      "NV 0.18804638 0.041689638 [0.10381004959344864, 0.2694791853427887]\n",
      "AZ 0.18901435 0.072101116 [0.09086427092552185, 0.3304210305213928]\n",
      "LP 0.20795593 0.031626794 [0.13600009679794312, 0.2832917869091034]\n",
      "AH 0.22631912 0.093960226 [0.058089032769203186, 0.42280736565589905]\n",
      "HH 0.2346558 0.08792514 [0.10590815544128418, 0.3907194435596466]\n",
      "MJ 0.23775603 0.05694347 [0.10718182474374771, 0.45150530338287354]\n",
      "GE 0.24454616 0.0821272 [0.12879586219787598, 0.434169739484787]\n",
      "PH 0.2647938 0.04802418 [0.10067930072546005, 0.3214215934276581]\n",
      "GM 0.26930714 0.049166877 [0.19251173734664917, 0.38077813386917114]\n",
      "DGL 0.27722064 0.07636866 [0.046516112983226776, 0.4538654088973999]\n",
      "DM2 0.36483353 0.058895133 [0.24796855449676514, 0.4823167324066162]\n"
     ]
    }
   ],
   "source": [
    "Sort_Tuple(results_val, 3)\n",
    "print(\"1/2 * pixel distance: \", 0.15/2)\n",
    "for t in results_val:\n",
    "    print(t[0], t[3], t[4], f\"[{t[1]}, {t[2]}]\", )"
   ],
   "metadata": {
    "collapsed": false,
    "ExecuteTime": {
     "end_time": "2023-11-16T01:17:36.110657Z",
     "start_time": "2023-11-16T01:17:36.097965Z"
    }
   },
   "id": "860fb9ac7511043"
  },
  {
   "cell_type": "code",
   "execution_count": 6,
   "outputs": [
    {
     "name": "stdout",
     "output_type": "stream",
     "text": [
      "1/2 * pixel distance:  0.075\n",
      "HB 0.062443342 0.019508203 [0.014412986114621162, 0.10794059932231903]\n",
      "DM 0.07231592 0.04171277 [0.010206960141658783, 0.3409646153450012]\n",
      "GP 0.11088824 0.030182265 [0.05967441946268082, 0.18368682265281677]\n",
      "JM 0.111122906 0.029772937 [0.05602743849158287, 0.20296277105808258]\n",
      "JH 0.11126141 0.034793638 [0.044299639761447906, 0.19414789974689484]\n",
      "FA 0.123731375 0.03597662 [0.059856146574020386, 0.1920403391122818]\n",
      "LG 0.1282279 0.032728218 [0.05777866393327713, 0.17619962990283966]\n",
      "AZ 0.16159704 0.023696424 [0.11389877647161484, 0.21561101078987122]\n",
      "LP 0.16858226 0.041266132 [0.10391728579998016, 0.24126683175563812]\n",
      "NV 0.18627904 0.049752068 [0.09340036660432816, 0.2554266154766083]\n",
      "DE 0.19816904 0.09359851 [0.08799625188112259, 0.4332021176815033]\n",
      "SM 0.20229664 0.033988222 [0.13138359785079956, 0.26643112301826477]\n",
      "DGL 0.22033224 0.068220116 [0.11044353991746902, 0.36490851640701294]\n",
      "MJ 0.22659145 0.062479988 [0.12534306943416595, 0.4504268765449524]\n",
      "AH 0.23262897 0.06184595 [0.14830192923545837, 0.4917324483394623]\n",
      "GM 0.25552678 0.03153434 [0.1795388162136078, 0.3311960697174072]\n",
      "HH 0.25663358 0.08395389 [0.13128307461738586, 0.3789752721786499]\n",
      "PH 0.2692834 0.03570256 [0.15065617859363556, 0.33029669523239136]\n",
      "DM2 0.29416162 0.05447843 [0.20861706137657166, 0.4040863513946533]\n",
      "GE 0.29750597 0.067602456 [0.14053352177143097, 0.47468048334121704]\n"
     ]
    }
   ],
   "source": [
    "Sort_Tuple(results, 3)\n",
    "print(\"1/2 * pixel distance: \", 0.15/2)\n",
    "for t in results:\n",
    "    print(t[0], t[3], t[4], f\"[{t[1]}, {t[2]}]\", )"
   ],
   "metadata": {
    "collapsed": false,
    "ExecuteTime": {
     "end_time": "2023-11-16T01:17:39.621785Z",
     "start_time": "2023-11-16T01:17:39.603442Z"
    }
   },
   "id": "21989c7f37bd781b"
  },
  {
   "cell_type": "markdown",
   "source": [
    "Low Mean, High Div\n",
    "DE 0.1829379 0.1128251 [0.03968486189842224, 0.4219028651714325]\n"
   ],
   "metadata": {
    "collapsed": false
   },
   "id": "5b9551f99fa00103"
  },
  {
   "cell_type": "code",
   "execution_count": 13,
   "outputs": [
    {
     "name": "stdout",
     "output_type": "stream",
     "text": [
      "1/2 * pixel distance:  0.075\n",
      "HB 0.06659081 0.017529244 [0.01652810536324978, 0.1136784628033638]\n",
      "DM 0.071962826 0.04255372 [0.009004276245832443, 0.3006598949432373]\n",
      "GP 0.117513716 0.023888312 [0.06275303661823273, 0.15804293751716614]\n",
      "JH 0.12070617 0.03383561 [0.05356334522366524, 0.18537287414073944]\n",
      "JM 0.12444032 0.025549924 [0.07612394541501999, 0.19539912045001984]\n",
      "LG 0.12703232 0.029709075 [0.07626837491989136, 0.18821308016777039]\n",
      "FA 0.13837457 0.03279123 [0.08978891372680664, 0.19884143769741058]\n",
      "LP 0.16705856 0.03885556 [0.09047339856624603, 0.2418883889913559]\n",
      "AZ 0.1680079 0.031317785 [0.09806396067142487, 0.22300206124782562]\n",
      "DE 0.17702997 0.094348155 [0.06629505008459091, 0.5395569205284119]\n",
      "NV 0.1828314 0.031137139 [0.13605625927448273, 0.23610378801822662]\n",
      "AH 0.18931824 0.046988074 [0.09200039505958557, 0.33686915040016174]\n",
      "MJ 0.19940595 0.04954901 [0.10200808197259903, 0.44637084007263184]\n",
      "SM 0.21312149 0.021046609 [0.15475867688655853, 0.2896481156349182]\n",
      "DGL 0.21570519 0.07291158 [0.10762125253677368, 0.35497570037841797]\n",
      "HH 0.228157 0.075246 [0.11458893865346909, 0.3407158851623535]\n",
      "GM 0.24054573 0.026964745 [0.18142327666282654, 0.3223152160644531]\n",
      "DM2 0.2594739 0.051077183 [0.1793469488620758, 0.3506219983100891]\n",
      "GE 0.26425505 0.05157684 [0.13908474147319794, 0.563922107219696]\n",
      "PH 0.30986577 0.0475941 [0.22890174388885498, 0.4063660502433777]\n"
     ]
    }
   ],
   "source": [
    "Sort_Tuple(results_100, 3)\n",
    "print(\"1/2 * pixel distance: \", 0.15/2)\n",
    "for t in results_100:\n",
    "    print(t[0], t[3], t[4], f\"[{t[1]}, {t[2]}]\", )"
   ],
   "metadata": {
    "collapsed": false,
    "ExecuteTime": {
     "end_time": "2023-11-21T01:08:09.071713Z",
     "start_time": "2023-11-21T01:08:09.055042Z"
    }
   },
   "id": "eedb30cd93def424"
  },
  {
   "cell_type": "code",
   "execution_count": 8,
   "outputs": [
    {
     "name": "stdout",
     "output_type": "stream",
     "text": [
      "1/2 * pixel distance:  0.075\n",
      "GP 0.12693673 0.022192784 [0.057779114693403244, 0.17267242074012756]\n",
      "HB 0.090611786 0.05228997 [0.010965513065457344, 0.18861939013004303]\n",
      "JM 0.10967612 0.059188522 [0.007624427322298288, 0.19951380789279938]\n",
      "FA 0.16085127 0.021000594 [0.12212779372930527, 0.2260722666978836]\n",
      "SM 0.18430033 0.031348053 [0.11432886868715286, 0.24548333883285522]\n",
      "LG 0.18364586 0.046524424 [0.05858945474028587, 0.2582712173461914]\n",
      "NV 0.18804638 0.041689638 [0.10381004959344864, 0.2694791853427887]\n",
      "JH 0.18046004 0.040550128 [0.10183729976415634, 0.2746815085411072]\n",
      "LP 0.20795593 0.031626794 [0.13600009679794312, 0.2832917869091034]\n",
      "PH 0.2647938 0.04802418 [0.10067930072546005, 0.3214215934276581]\n",
      "AZ 0.18901435 0.072101116 [0.09086427092552185, 0.3304210305213928]\n",
      "GM 0.26930714 0.049166877 [0.19251173734664917, 0.38077813386917114]\n",
      "HH 0.2346558 0.08792514 [0.10590815544128418, 0.3907194435596466]\n",
      "DM 0.09037801 0.055999503 [0.01916417106986046, 0.4188862144947052]\n",
      "DE 0.1829379 0.1128251 [0.03968486189842224, 0.4219028651714325]\n",
      "AH 0.22631912 0.093960226 [0.058089032769203186, 0.42280736565589905]\n",
      "GE 0.24454616 0.0821272 [0.12879586219787598, 0.434169739484787]\n",
      "MJ 0.23775603 0.05694347 [0.10718182474374771, 0.45150530338287354]\n",
      "DGL 0.27722064 0.07636866 [0.046516112983226776, 0.4538654088973999]\n",
      "DM2 0.36483353 0.058895133 [0.24796855449676514, 0.4823167324066162]\n"
     ]
    }
   ],
   "source": [
    "Sort_Tuple(results_val, 2)\n",
    "print(\"1/2 * pixel distance: \", 0.15/2)\n",
    "for t in results_val:\n",
    "    print(t[0], t[3], t[4], f\"[{t[1]}, {t[2]}]\", )"
   ],
   "metadata": {
    "collapsed": false,
    "ExecuteTime": {
     "end_time": "2023-11-16T01:53:30.992716Z",
     "start_time": "2023-11-16T01:53:30.978903Z"
    }
   },
   "id": "e4ad29410f8d2b5f"
  },
  {
   "cell_type": "code",
   "execution_count": 9,
   "outputs": [
    {
     "name": "stdout",
     "output_type": "stream",
     "text": [
      "1/2 * pixel distance:  0.075\n",
      "HB 0.062443342 0.019508203 [0.014412986114621162, 0.10794059932231903]\n",
      "LG 0.1282279 0.032728218 [0.05777866393327713, 0.17619962990283966]\n",
      "GP 0.11088824 0.030182265 [0.05967441946268082, 0.18368682265281677]\n",
      "FA 0.123731375 0.03597662 [0.059856146574020386, 0.1920403391122818]\n",
      "JH 0.11126141 0.034793638 [0.044299639761447906, 0.19414789974689484]\n",
      "JM 0.111122906 0.029772937 [0.05602743849158287, 0.20296277105808258]\n",
      "AZ 0.16159704 0.023696424 [0.11389877647161484, 0.21561101078987122]\n",
      "LP 0.16858226 0.041266132 [0.10391728579998016, 0.24126683175563812]\n",
      "NV 0.18627904 0.049752068 [0.09340036660432816, 0.2554266154766083]\n",
      "SM 0.20229664 0.033988222 [0.13138359785079956, 0.26643112301826477]\n",
      "PH 0.2692834 0.03570256 [0.15065617859363556, 0.33029669523239136]\n",
      "GM 0.25552678 0.03153434 [0.1795388162136078, 0.3311960697174072]\n",
      "DM 0.07231592 0.04171277 [0.010206960141658783, 0.3409646153450012]\n",
      "DGL 0.22033224 0.068220116 [0.11044353991746902, 0.36490851640701294]\n",
      "HH 0.25663358 0.08395389 [0.13128307461738586, 0.3789752721786499]\n",
      "DM2 0.29416162 0.05447843 [0.20861706137657166, 0.4040863513946533]\n",
      "DE 0.19816904 0.09359851 [0.08799625188112259, 0.4332021176815033]\n",
      "MJ 0.22659145 0.062479988 [0.12534306943416595, 0.4504268765449524]\n",
      "GE 0.29750597 0.067602456 [0.14053352177143097, 0.47468048334121704]\n",
      "AH 0.23262897 0.06184595 [0.14830192923545837, 0.4917324483394623]\n"
     ]
    }
   ],
   "source": [
    "Sort_Tuple(results, 2)\n",
    "print(\"1/2 * pixel distance: \", 0.15/2)\n",
    "for t in results:\n",
    "    print(t[0], t[3], t[4], f\"[{t[1]}, {t[2]}]\", )"
   ],
   "metadata": {
    "collapsed": false,
    "ExecuteTime": {
     "end_time": "2023-11-16T01:53:32.996722Z",
     "start_time": "2023-11-16T01:53:32.987822Z"
    }
   },
   "id": "c6a2473da1c22494"
  },
  {
   "cell_type": "code",
   "execution_count": null,
   "outputs": [],
   "source": [],
   "metadata": {
    "collapsed": false
   },
   "id": "780a8db068462f5d"
  }
 ],
 "metadata": {
  "kernelspec": {
   "display_name": "Python 3",
   "language": "python",
   "name": "python3"
  },
  "language_info": {
   "codemirror_mode": {
    "name": "ipython",
    "version": 2
   },
   "file_extension": ".py",
   "mimetype": "text/x-python",
   "name": "python",
   "nbconvert_exporter": "python",
   "pygments_lexer": "ipython2",
   "version": "2.7.6"
  }
 },
 "nbformat": 4,
 "nbformat_minor": 5
}
